59.79785	34.08962   Abriz f.
59.78756	33.95814
59.79822	33.91232
59.81742	33.87292
59.90647	33.78051
59.92699	33.72062
59.95382	33.63324
59.9815	        33.5594
60.02801	33.4847
60.10737	33.37671
60.1528	        33.28841
60.23455	33.18023
60.30875	33.12226
>>
57.61177	37.89537  Baghan-Germab f.
57.69644	37.86778
57.75182	37.84481
57.79409	37.80468
57.93396	37.65652
58.09193	37.49011
58.11119	37.43691
58.14325	37.34827
>>
58.32378	29.32783  Bam f.
58.42125	29.02278
58.54264	28.76335
58.57163	28.64289
58.64027	28.48465
58.71466	28.37928
58.80357	28.26674
>>
51.24718	29.53942  Borazjan f.
51.28963	29.45016
51.29483	29.26479
51.30661	29.04444
51.31073	28.8941
51.31533	28.79991
51.34211	28.65849
51.39052	28.51325
51.44348	28.35817
51.50556	28.20967
51.51895	28.11698
51.51989	27.89751
>>
56.04045	32.70202  Cheshmeh-Rostam f.
56.10246	32.68944
56.15107	32.69756
56.23915	32.76955
56.50106	32.99696
56.60292	33.04205
56.67961	33.05238
56.84303	33.05802
56.93347	33.06203
56.99596	33.06073
57.09909	33.02625
57.2722	        33.0106
57.33118	33.0092
>>
55.50519	31.38991  Darivan f.
55.59618	31.29121
55.70375	31.12803
55.86752	30.96102
56.00377	30.86449
56.16011	30.72471
56.23663	30.66852
56.28211	30.64949
56.45176	30.50606
>>
51.64534	30.76637  Dena f.
51.48959	30.89776
51.37114	31.04351
51.31365	31.16035
51.28056	31.30792
51.21186	31.56995
51.17538	31.66575
51.13278	31.81079
51.11496	31.8851
51.10315	31.90607
51.10315	31.90607
51.03498	31.92265
>>
47.39063	34.67228  Dinehvar f.
47.54627	34.61121
47.80903	34.47841
>>
58.71194	33.672   Dustabad f.
58.71162	33.45697
>>
58.19345	37.51615  Ghuchan f.
58.27876	37.32837
58.45863	37.09838
>>
57.89353	29.60213  Golbaf-Sirch f.
57.86846	29.68441
57.77982	29.81735
57.60431	30.15646
57.53437	30.30916
57.53301	30.41116
57.53395	30.43968
57.53489	30.46823
57.51276	30.50956
57.45787	30.55578
57.39746	30.57762
>>
57.42496	30.10682  Gowk f.
57.52337	29.97167
57.73753	29.78701
57.79843	29.68253
57.84592	29.52193
57.89431	29.28162
57.93889	29.0447
57.95974	28.99431
57.99208	28.95026
58.13862	28.83985
>>
54.1806	        28.80268  HZF
54.43929	28.72622
54.60559	28.66271
54.73307	28.59651
54.8546	        28.55126
54.93756	28.52451
54.97304	28.50326
55.11171	28.39977
>>
54.59241	28.44783  HZF
54.75792	28.36245
54.87284	28.31454
54.98481	28.25655
55.07174	28.24356
55.14762	28.25552
55.21505	28.26004
55.26271	28.25221
55.30461	28.22941
55.40276	28.22111
55.46175	28.22558
55.58827	28.24183
55.63599	28.24134
55.73117	28.22036
55.78682	28.18477
55.85632	28.13905
55.94181	28.04314
56.03349	27.99203
56.0919	        27.96627
56.14994	27.92055
56.19395	27.87497
56.25754	27.8316
56.30478	27.81341
56.3745	        27.80235
56.46883	27.76339
56.50686	27.70783
56.53917	27.64737
56.62727	27.58594
56.68245	27.55499
56.73792	27.53901
56.82713	27.53484
56.8638	        27.50807
56.90395	27.43488
56.97682	27.33357
57.05428	27.19716
57.09288	27.06901
57.09039	26.96668
57.11425	26.80634
57.12825	26.67943
57.14329	26.61417
57.16684	26.5587
57.21741	26.47771
57.22912	26.39252
57.24634	26.30719
57.26795	26.1768
57.26792	26.06438
57.2881	        25.98895
57.32225	25.92325
57.37257	25.84465
57.38318	25.82944
>>
53.18375	29.53419  HZF
53.03077	29.56179
52.8863	        29.62083
52.7715	        29.69053
52.64419	29.78366
52.44017	29.95967
52.22401	30.1062
52.03118	30.26063
51.94764	30.35894
51.87225	30.48885
51.83274	30.585
51.78302	30.64182
51.69011	30.72923
>>
45.65733	35.57648  HZF
45.7737	        35.46028
45.87407	35.31162
45.95128	35.10665
45.9792	        35.01506
46.03903	34.93346
46.2306 	34.75166
46.40752	34.58171
46.67917	34.3223
46.81155	34.19796
46.95985	34.10169
47.07152	34.04988
47.25335	33.99422
47.47276	33.93262
47.63071	33.87892
47.90802	33.71803
48.19447	33.54513
48.43751	33.38113
48.68487	33.28321
49.00851	33.21936
49.17384	33.16377
49.38494	33.00671
49.50022	32.91247
49.53225	32.84199
49.53225	32.84199
49.53225	32.84199
49.53225	32.84199
>>
57.76858	28.04052  Jiroft f.
57.80777	27.91451
57.8098	        27.80866
57.80048	27.6839
57.79165	27.57353
57.79448	27.49169
57.81446	27.4431
57.84425	27.36535
57.88029	27.31632
58.00661	27.24078
58.0753	        27.21001
58.11687	27.17037
58.15825	27.12593
58.21012	27.07636
58.27834	27.03589
58.34149	27.00518
58.46909	26.9821
>>
59.58826	28.96363   Kanurak f.
59.61284	29.16307
59.68032	29.43745
59.7519	        29.59652
59.78505	29.76135
59.84461	30.04864
59.84006	30.23205
59.82776	30.27519
>>
52.05532	29.83571  Karebass f.
52.15176	29.7054
52.1974	        29.64123
52.20543	29.60895
52.2058	        29.58949
52.19434	29.54606
52.15034	29.40697
52.14861	29.37018
52.1498	        29.30964
52.15299	29.27292
52.18924	29.17615
52.21493	29.11599
52.22269	29.09448
52.23849	29.03631
52.26491	28.93285
>>
51.5177	        33.80638  Kashan f.
51.49671	33.84721
51.42545	33.91577
51.38384	33.98086
51.32186	34.06196
51.29934	34.14401
51.27899	34.16002
>>
51.52402	29.58523  Kazerun f.
51.52782	29.70299
51.56292	29.8093
51.59572	29.87333
51.59332	29.96679
51.58024	30.07211
51.52472	30.21272
51.5055	        30.28469
51.50798	30.32093
51.53075	30.37571
51.53283	30.42702
51.53848	30.47536
51.55152	30.50581
>>
55.86534	32.03029  Kuhbanan f.
56.00884	31.81637
56.12289	31.59345
56.21365	31.47838
56.25834	31.39161
56.26777	31.32995
56.3216  	31.17536
56.36351	31.13471
56.49603	31.00642
56.72866	30.77156
56.81276	30.72687
56.94909	30.64726
57.00574	30.64301
57.03756	30.63927
>>
56.95597	31.62889  Lakarkuh f.
57.00394	31.64419
57.04669	31.64328
57.06569	31.64288
57.09406	31.6382
57.12219	31.62534
57.14957	31.58804
57.1489	        31.09479
57.27764	30.82685
57.38953	30.64071
57.39746	30.57762
57.42575	30.5451
57.46608	30.51887
>>
57.06073	38.52865  Main Kopehdagh f.
56.71293	38.73053
56.31205	38.92334
56.0603	        39.03762
55.73436	39.16985
55.26535	39.31987
54.73749	39.47254
54.29306	39.56546
54.08191	39.58259
>>
56.40877	38.93949  Main Kopehdagh f.
56.77107	38.77808
57.03108	38.63553
57.25672	38.50202
57.5457	        38.29562
>>
57.6217	       38.29665   Main Kopehdagh f.
57.9178	       38.15552
58.109	       38.06121
58.1995	       37.97425
58.43556       37.79828
>>
58.86747	33.513   Mohammadabad f.
58.85686	33.43161
58.85455	33.38728
58.8629	        33.34431
58.88114	33.28855
58.90075	33.25938
58.9358	        33.203
58.96918	33.15554
59.01326	33.11124
59.06387	33.07201
59.22608	32.95555
>>
45.32671	38.44711   North Tabriz f.
45.67357	38.34703
46.09817	38.22939
46.2309	        38.16157
46.48707	38.04139
46.69478	37.91184
46.91612	37.77721
47.09595	37.63401
47.31535	37.50393
>>
47.98375	34.46671   Nahavand f.
48.1635	        34.36734
48.2975	        34.25249
48.40451	34.13984
48.53442	34.0097
48.67847	33.89296
48.77304	33.82353
>>
57.4887	        32.98195  Nayband f.
57.48619	32.75744
57.52295	32.55064
57.54112	32.44253
57.51414	32.3028
57.53747	31.71703
57.55965	31.24998
57.54959	31.11441
57.53368	30.96491
57.5999	        30.41519
>>
59.84505	29.60485  Nosratabad Fault Zone
59.89326	29.49764
59.92673	29.39631
59.93185	29.32509
59.9337	        29.24875
59.95332	29.16905
59.96624	29.13166
60.01648	29.0664
60.09071	28.95011
60.11077	28.88086
60.14466	28.79258
60.16084	28.70773
60.17366	28.67035
60.17845	28.6491
60.19524	28.62995
60.21738	28.60004
>>
55.26377	30.63191  Rafsanjan f.
55.30553	30.57647
55.35284	30.54853
55.43732	30.53402
55.52137	30.48731
55.72545	30.3428
55.81984	30.30038
55.87737	30.26751
55.93494	30.23922
55.99703	30.1695
56.10662	30.10829
56.16852	30.03846
56.292	        29.89414
>>
59.9175	        29.86493  Nosratabad Fault Zone
59.92631	29.72251
59.95112	29.5685
59.96037	29.50983
59.97749	29.44354
60.0125	        29.32546
60.02132	29.25952
60.03446	29.19704
60.08436	29.12565
60.13944	28.9994
60.17352	28.94325
60.21918	28.79916
60.25026	28.67535
60.24741	28.65919
60.25108	28.56437
60.27485	28.51069
60.30956	28.44076
>>
52.63392	29.36408  Sabz Pushan Fault Zone
52.60446	29.32063
52.60508	29.28088
52.61337	29.23128
52.62144	29.19492
52.65232	29.14228
52.67535	29.10941
52.69842	29.07322
52.7104	        29.02363
52.73234	28.79847
52.73359	28.70899
>>
52.8348	        28.98522   Sabz Pushan Fault Zone
52.83572	28.91562
52.8589	        28.86282
52.88948	28.81672
52.89767	28.76044
>>
52.40968	29.69029
52.45205	29.60134
52.48429	29.50328
52.52428	29.34263
>>
47.59193	34.54348  Sahaneh f.
47.86627	34.42958
47.94431	34.39138
48.0022	        34.35574
48.0743	        34.30607
48.16613	34.22604
48.21773	34.18259
48.25678	34.1606
>>
53.23012	29.54906  Sarvestan f.
53.24907	29.44405
53.28244	29.39433
53.30686	29.33667
53.31937	29.27365
53.3347	        29.22644
53.35629	29.14243
53.38057	29.09263
53.43781	29.01408
53.50092	28.93555
53.56095	28.85958
53.60594	28.7993
53.67458	28.75224
>>
53.17151	32.68642  Shahr-e-Babak f.
53.18937	32.54176
53.20192	32.40202
53.22047	32.35395
53.38475	32.12063
53.61594	31.68823
53.85816	31.08792
53.96535	30.7694
54.02951	30.6052
54.08064	30.49782
54.16801	30.36515
54.32304	30.12876
54.33722	30.07936
54.37148	29.96867
54.47956	29.76136
54.58612	29.62405
54.66693	29.53683
54.69735	29.48927
54.74387	29.42266
54.7831	        29.35133
54.85651	29.2909
54.91441	29.24315
>>
54.05492	35.18846  Torud f.
54.16295	35.22476
54.28275	35.23455
54.39381	35.24903
54.47867	35.27786
54.69253	35.34722
54.74525	35.35429
54.79809	35.37577
54.86287	35.4212
54.99244	35.49272
55.07783	35.52591
55.18958	35.54929
55.27192	35.56313
55.34549	35.57701
>>
54.05492	35.18846  Torud f.
54.16295	35.22476
54.28275	35.23455
54.39381	35.24903
54.47867	35.27786
54.69253	35.34722
54.74525	35.35429
54.79809	35.37577
54.86287	35.4212
54.99244	35.49272
55.07783	35.52591
55.18958	35.54929
55.27192	35.56313
55.34549	35.57701
>>
60.69221	30.77003  Zahedan f.
60.67572	30.51619
60.6685	        30.40377
60.67869	30.3014
60.69653	30.18771
60.72198	30.12824
60.8107	        29.94919
60.8556	        29.80503
60.90731	29.63867
60.94603	29.46568
60.96793	29.28987
60.9819	        29.24913
61.01967	29.19261
61.07781	29.13143
61.15013	29.09859
61.2384	        29.0576
>>
51.5177	        33.80638  Zefreh f.
51.59414	33.73362
51.75904	33.65818
51.88707	33.565
51.94554	33.50867
52.08592	33.35802
52.18983	33.16581
52.29366	32.95667
52.30053	32.89926
>>
48.75378	33.8021  dorud f.
48.84451	33.70787
48.92073	33.65024
48.9884	        33.59892
49.08727	33.4959
49.19783	33.39417
49.53263	33.15651
>>
